# [1] m:            [M_sun/h] 
# [2] sigma 
# [3] ln(1/sigma) 
# [4] n_eff 
# [5] f(sigma) 
# [6] dn/dm:        [h^4/(Mpc^3*M_sun)] 
# [7] dn/dlnm:      [h^3/Mpc^3] 
# [8] dn/dlog10m:   [h^3/Mpc^3] 
# [9] n(>m):        [h^3/Mpc^3] 
# [11] rho(>m):     [M_sun*h^2/Mpc^3] 
# [11] rho(<m):     [M_sun*h^2/Mpc^3] 
# [12] Lbox(N=1):   [Mpc/h]
1.000000000000000000e+04 1.006808817588204263e+01 -2.309370835268294009e+00 -2.754882107803861668e+00 1.520416755699878220e-01 4.680387685259778330e+00 4.680387685259778664e+04 1.077699091351207462e+05 5.418802595397015830e+04 5.056568872389941406e+10 2.478642127610058594e+10 2.642604823020922034e-02
1.122018454301962993e+04 1.002050520039110815e+01 -2.304633513586423099e+00 -2.751337489888075361e+00 1.524178852968121334e-01 3.780858400095007177e+00 4.242192898009192868e+04 9.768010128561178863e+04 4.905177569345186930e+04 5.051134652755049896e+10 2.484076347244950104e+10 2.731796989708039011e-02
1.258925411794166212e+04 9.972465852136892295e+00 -2.299827880588693585e+00 -2.747765571124356931e+00 1.528005583574138793e-01 3.054031233509028720e+00 3.844797528277599486e+04 8.852973474192354479e+04 4.439652979276350379e+04 5.045608372529386139e+10 2.489602627470613861e+10 2.824123328209447378e-02
1.412537544622752648e+04 9.923974076238931019e+00 -2.294953453597095017e+00 -2.744167594366606622e+00 1.531897800410736421e-01 2.466774865576297771e+00 3.484412111758264655e+04 8.023155386382483994e+04 4.017749757761981164e+04 5.039988812157833862e+10 2.495222187842166138e+10 2.919705438437586800e-02
1.584893192461110812e+04 9.875034620254188766e+00 -2.290009816629565709e+00 -2.740549442264285318e+00 1.535856315206849954e-01 1.992275360886498925e+00 3.157543656977015053e+04 7.270512955033179605e+04 3.635408049226591538e+04 5.034274813483399200e+10 2.500936186516600800e+10 3.018669813418483130e-02
1.778279410038919013e+04 9.825652937265401121e+00 -2.284996612266299909e+00 -2.736916428783013000e+00 1.539881904516965105e-01 1.608886144281699959e+00 2.861049103473052674e+04 6.587809015981030825e+04 3.288949999951237987e+04 5.028465325578768921e+10 2.506745674421231079e+10 3.121147139096192014e-02
1.995262314968874853e+04 9.775835279418007673e+00 -2.279913552800584053e+00 -2.733272013992172678e+00 1.543975300236237191e-01 1.299131465391283546e+00 2.592108055085519300e+04 5.968549367069706204e+04 2.975041040374971271e+04 5.022559378889385986e+10 2.512651621110614014e+10 3.227272814358130709e-02
2.238721138568333117e+04 9.725588893225520337e+00 -2.274760442244474046e+00 -2.729617085416496280e+00 1.548137171146335422e-01 1.048897018608009990e+00 2.348187927739054066e+04 5.406902517960525438e+04 2.690654743249216699e+04 5.016556036742315674e+10 2.518654963257684326e+10 3.337188015998734242e-02
2.511886431509571776e+04 9.674921955930683382e+00 -2.269537172312838358e+00 -2.725957212909757565e+00 1.552368125215413674e-01 8.467540061455051115e-01 2.126949898863266935e+04 4.897483130667752266e+04 2.433045102033510921e+04 5.010454419645913696e+10 2.524756580354086304e+10 3.451039631959349624e-02
2.818382931264443323e+04 9.623843369324950103e+00 -2.264243703532140106e+00 -2.722298876578320481e+00 1.556668724008236637e-01 6.834677140323914823e-01 1.926273739299219960e+04 4.435409197136283183e+04 2.199722793838410871e+04 5.004253768896200562e+10 2.530957231103799438e+10 3.568979184272087768e-02
3.162277660168366492e+04 9.572362800592046028e+00 -2.258880071604498774e+00 -2.718647060734022958e+00 1.561039476714573548e-01 5.515812694249137005e-01 1.744253126069713471e+04 4.016291246496386157e+04 1.988430282747594902e+04 4.997953441481224060e+10 2.537257558518775940e+10 3.691162886213389394e-02
3.548133892335738346e+04 9.520490824873144575e+00 -2.253446404708819184e+00 -2.715002641104256931e+00 1.565480825087960104e-01 4.450745437975174856e-01 1.579184073463838831e+04 3.636205706651449873e+04 1.797117858918899947e+04 4.991552848283023834e+10 2.543658151716976166e+10 3.817752878961178792e-02
3.981071705534953071e+04 9.468238955553934133e+00 -2.247942929562444903e+00 -2.711369647366292934e+00 1.569993137305300268e-01 3.590739684486765615e-01 1.429499215985176670e+04 3.291543585174143664e+04 1.623924126623260781e+04 4.985051444347587585e+10 2.550159555652412415e+10 3.948917754356949528e-02
4.466835921509607579e+04 9.415619354597318136e+00 -2.242369943758235173e+00 -2.707755084933015866e+00 1.574576729458721791e-01 2.896376129695592549e-01 1.293763693832724312e+04 2.979000995276143658e+04 1.467160512112004290e+04 4.978448799424991608e+10 2.556762200575008392e+10 4.084831282999791535e-02
5.011872336272693792e+04 9.362644781488915768e+00 -2.236727812701226004e+00 -2.704164338581095173e+00 1.579231867095318154e-01 2.335826553662252170e-01 1.170686448663102601e+04 2.695605165261799266e+04 1.325295358098556244e+04 4.971744615021691132e+10 2.563466384978308868e+10 4.225671908965936141e-02
5.623413251903455966e+04 9.309328663035907780e+00 -2.231016979455457960e+00 -2.700598571852311558e+00 1.583958756059632156e-01 1.883397129234073430e-01 1.059112037513181349e+04 2.438695589388402004e+04 1.196937839232301849e+04 4.964938659508687592e+10 2.570272340491312408e+10 4.371623995436479948e-02
6.309573444801891310e+04 9.255685196622721378e+00 -2.225237978576471765e+00 -2.697059170174022746e+00 1.588757529820470360e-01 1.518307020228047699e-01 9.579869655887177942e+03 2.205846506247181605e+04 1.080824286841412686e+04 4.958030723600225067e+10 2.577180276399774933e+10 4.522878990139016925e-02
7.079457843841330032e+04 9.201729051453835240e+00 -2.219391406771831665e+00 -2.693552442520975809e+00 1.593628272549357794e-01 1.223734932905780476e-01 8.663379869542472079e+03 1.994816934255319939e+04 9.758077008288506477e+03 4.951020680367383575e+10 2.584190319632616425e+10 4.679634344077050756e-02
7.943282347242756805e+04 9.147475187448863565e+00 -2.213477905412204461e+00 -2.690083069264086024e+00 1.598571032710184581e-01 9.861010218065258126e-02 7.832878839113821414e+03 1.803587005017199408e+04 8.808476023470380824e+03 4.943908524564656067e+10 2.591302475435343933e+10 4.842092420183850138e-02
8.912509381337386731e+04 9.092938865782398850e+00 -2.207498163503578859e+00 -2.686652410023153692e+00 1.603585819717147087e-01 7.944429830761551292e-02 7.080480539603890975e+03 1.630340894172635672e+04 7.949994048672926510e+03 4.936694317231465912e+10 2.598516682768534088e+10 5.010461531803501317e-02
9.999999999999918509e+04 9.038135774936629119e+00 -2.201452933551246272e+00 -2.683258745211696716e+00 1.608672589647766882e-01 6.399064124971125256e-02 6.399064124971073397e+03 1.473438966327138223e+04 7.174049083547985902e+03 4.929378112687125397e+10 2.605832887312874603e+10 5.184957713014499980e-02
1.122018454301953752e+05 8.983081815824901284e+00 -2.195343010056522992e+00 -2.679905907304390489e+00 1.613831262255887578e-01 5.153235037801988383e-02 5.782024811769257212e+03 1.331360413890159543e+04 6.472849238493664416e+03 4.921959987887027740e+10 2.613251012112972260e+10 5.365804385148610633e-02
1.258925411794155953e+05 8.927792803037002400e+00 -2.189169197824517354e+00 -2.676597606428637643e+00 1.619061746969669424e-01 4.149070452637816653e-02 5.223370228150028197e+03 1.202725442252716311e+04 5.839327774457948180e+03 4.914440106446089935e+10 2.620770893553910065e+10 5.553230693260152034e-02
1.412537544622741116e+05 8.872284456150612897e+00 -2.182932311769274047e+00 -2.673335056793192610e+00 1.624363942600884070e-01 3.339873651999421961e-02 4.717696927745450921e+03 1.086289861909048341e+04 5.267073948417509200e+03 4.906818689353707886e+10 2.628392310646292114e+10 5.747471963119055172e-02
1.584893192461097788e+05 8.816572528976685419e+00 -2.176633192336476785e+00 -2.670114147623951162e+00 1.629737723702331109e-01 2.687977174046581388e-02 4.260156724637246043e+03 9.809373367968062666e+03 4.750267148741048004e+03 4.899095924049683380e+10 2.636115075950316620e+10 5.948771971386481588e-02
1.778279410038904753e+05 8.760672762454504436e+00 -2.170272701366332324e+00 -2.666935291709040978e+00 1.635182943412139267e-01 2.162913408270378604e-02 3.846264379624285539e+03 8.856351024236872036e+03 4.283624038935926365e+03 4.891271955112763977e+10 2.643939044887236023e+10 6.157383699391982823e-02
1.995262314968858263e+05 8.704600532257869006e+00 -2.163851682708022306e+00 -2.663801578839450901e+00 1.640699466694329756e-01 1.740078632245399895e-02 3.471913320001801367e+03 7.994375854803614857e+03 3.862355866959915602e+03 4.883346969225447845e+10 2.651864030774552155e+10 6.373567231706812886e-02
2.238721138568314782e+05 8.648370812699187837e+00 -2.157370957851879378e+00 -2.660713904624930848e+00 1.646287174048044755e-01 1.399638318784401751e-02 3.133399890612857689e+03 7.214919878514339871e+03 3.482123473626968462e+03 4.875321201595474243e+10 2.659889798404525757e+10 6.597589307731731301e-02
2.511886431509551476e+05 8.591998291804108234e+00 -2.150831338954118266e+00 -2.657667434219836977e+00 1.651945950227495519e-01 1.125610708818635362e-02 2.827406266643378785e+03 6.510343521410992253e+03 3.138991888628836477e+03 4.867194842295223236e+10 2.668016157704776764e+10 6.829725813878131935e-02
2.818382931264420622e+05 8.535497496104927251e+00 -2.144233643487907237e+00 -2.654658937821602116e+00 1.657675671308483922e-01 9.050903856023620811e-03 2.550891294033230224e+03 5.873644267489207778e+03 2.829392193906332977e+03 4.858967986719296265e+10 2.676243013280703735e+10 7.070263770452907270e-02
3.162277660168340662e+05 8.478882468017200580e+00 -2.137578656687546541e+00 -2.651691034744358522e+00 1.663476237063379881e-01 7.276548391099669881e-03 2.301046642030836665e+03 5.298355696224210988e+03 2.550092194813498736e+03 4.850640724068894958e+10 2.684570275931105042e+10 7.319499284515400273e-02
3.548133892335709534e+05 8.422166658835365638e+00 -2.130867118054438514e+00 -2.648764318474369439e+00 1.669347582966752563e-01 5.849107038012758830e-03 2.075341492147240388e+03 4.778650382690255356e+03 2.298167042840638260e+03 4.842213183259834290e+10 2.692997816740165710e+10 7.577735971612974131e-02
3.981071705534920329e+05 8.365363033545698102e+00 -2.124099732605943203e+00 -2.645874926565068286e+00 1.675289670710448375e-01 4.701005462880607395e-03 1.871503983583907711e+03 4.309297174079279102e+03 2.070968353921400649e+03 4.833685455151605225e+10 2.701525544848394775e+10 7.845287181180851666e-02
4.466835921509570908e+05 8.308484306128381292e+00 -2.117277198263850302e+00 -2.643016626955184911e+00 1.681302464264503027e-01 3.777791679756921719e-03 1.687477557911819986e+03 3.885560669609753404e+03 1.866096907829175734e+03 4.825057509395433807e+10 2.710153490604566193e+10 8.122479094785781117e-02
5.011872336272653192e+05 8.251542735684184393e+00 -2.110400181129342911e+00 -2.640190884523926584e+00 1.687385951592072497e-01 3.035503641432827152e-03 1.521355672715209039e+03 3.503050893135969091e+03 1.681381618760533456e+03 4.816329257935913849e+10 2.718881742064086151e+10 8.409649617186054638e-02
5.623413251903409837e+05 8.194549908136634642e+00 -2.103469287946377886e+00 -2.637398641467937122e+00 1.693540169360379932e-01 2.438760187533976949e-03 1.371415635679301204e+03 3.157801199014112171e+03 1.514860316456782130e+03 4.807500641692594910e+10 2.727710358307405090e+10 8.707145538984417676e-02
6.309573444801839069e+05 8.137516834477718675e+00 -2.096485076285570237e+00 -2.634637793541774631e+00 1.699765194535164947e-01 1.959100524784864079e-03 1.236108864687992536e+03 2.846245845148365788e+03 1.364759140352720806e+03 4.798571587114760590e+10 2.736639412885239410e+10 9.015323794274043845e-02
7.079457843841272406e+05 8.080454211349877625e+00 -2.089448085229015817e+00 -2.631900427931229025e+00 1.706061117412007722e-01 1.573635213132515203e-03 1.114048415295581663e+03 2.565191273933246521e+03 1.229473212375681214e+03 4.789541896942979431e+10 2.745669103057020569e+10 9.334555518263411289e-02
7.943282347242691321e+05 8.023372397370371445e+00 -2.082358831918969866e+00 -2.629185787455302847e+00 1.712428044748256772e-01 1.263900456306300130e-03 1.003951818324981673e+03 2.311684490959369214e+03 1.107551318253366389e+03 4.780411265419321442e+10 2.754799734580678558e+10 9.665226750371332110e-02
8.912509381337313680e+05 7.966281096626102176e+00 -2.075217771185096982e+00 -2.626495888981243532e+00 1.718866136319548432e-01 1.015036382884910602e-03 9.046521284860459673e+02 2.083038505397303652e+03 9.976832433444501476e+02 4.771179399711703491e+10 2.764031600288296509e+10 1.000773447118889353e-01
9.999999999999835854e+05 7.909189420032194384e+00 -2.068025301185014708e+00 -2.623830257295774349e+00 1.725375600601552484e-01 8.151014762739579225e-04 8.151014762739445132e+02 1.876840508545824605e+03 8.986862679958724129e+02 4.761846023385079193e+10 2.773364976614920807e+10 1.036248618985608494e-01
1.122018454301944701e+06 7.852106112643970626e+00 -2.060781790414083492e+00 -2.621181127123658694e+00 1.731956670900009487e-01 6.545047427593122602e-04 7.343663998040955221e+02 1.690941124984615954e+03 8.094917271576117628e+02 4.752410754245287323e+10 2.782800245754712677e+10 1.072990462740937428e-01
1.258925411794145592e+06 7.795039718885420577e+00 -2.053487597927857511e+00 -2.618544707676579542e+00 1.738609587124657629e-01 5.255207664828007554e-04 6.615914473507349385e+02 1.523370604322157533e+03 7.291339339249427667e+02 4.742873061463456726e+10 2.792337938536543274e+10 1.111043073960875510e-01
1.412537544622729532e+06 7.737998238073799051e+00 -2.046143028580414303e+00 -2.615924110840952999e+00 1.745334636752202406e-01 4.219295278506814909e-04 5.959912992740291884e+02 1.372320681262532844e+03 6.567416517853258711e+02 4.733232400336189270e+10 2.801978599663810730e+10 1.150451937110631706e-01
1.584893192461085040e+06 7.680989089214725674e+00 -2.038748326525329890e+00 -2.613319972557080817e+00 1.752132161511660846e-01 3.387371035621552498e-04 5.368621294696454243e+02 1.236170736309845097e+03 5.915293663460166727e+02 4.723488267660582733e+10 2.811722732339417267e+10 1.191263668318603142e-01
1.778279410038890084e+06 7.624019291776053642e+00 -2.031303696749545917e+00 -2.610726580284283838e+00 1.759002538303227337e-01 2.719351727928759322e-04 4.835767186429390563e+02 1.113476543666207363e+03 5.327881843466155942e+02 4.713640090170932770e+10 2.821570909829067230e+10 1.233526465259399268e-01
1.995262314968842082e+06 7.567095763979623690e+00 -2.023809343107344283e+00 -2.608136996382984574e+00 1.765946144341187518e-01 2.183010805381431127e-04 4.355679193147350929e+02 1.002932198000542371e+03 4.798779658049471095e+02 4.703687127095177460e+10 2.831523872904822540e+10 1.277290641730087217e-01
2.238721138568296563e+06 7.510225057860957065e+00 -2.016265433084802883e+00 -2.605554368932417653e+00 1.772963389749694363e-01 1.752391288244977753e-04 3.923115420036960472e+02 9.033307084272180418e+02 4.322213931442532839e+02 4.693628581167144775e+10 2.841582418832855225e+10 1.322608309969378060e-01
2.511886431509530637e+06 7.453413170589673342e+00 -2.008672071178996710e+00 -2.602980423927497178e+00 1.780054742871845785e-01 1.406661002145042413e-04 3.533372685021730604e+02 8.135891272523383577e+02 3.892983972522645786e+02 4.683463708563037872e+10 2.851747291436962128e+10 1.369532873968545006e-01
2.818382931264397223e+06 7.396665692640617351e+00 -2.001029316591925067e+00 -2.600412477544860490e+00 1.787220714545570410e-01 1.129104856487555056e-04 3.182249855132262155e+02 7.327401078610008653e+02 3.506401663744312600e+02 4.673191744306494904e+10 2.862019255693505096e+10 1.418119336364146721e-01
3.162277660168314818e+06 7.339988143308357138e+00 -1.993337227272034662e+00 -2.597841410646091642e+00 1.794461817138843507e-01 9.063078426280844085e-05 2.865997043978131842e+02 6.599202070029047036e+02 3.158236585028337799e+02 4.662811761453627014e+10 2.872399238546372986e+10 1.468425034451029676e-01
3.548133892335680779e+06 7.283385884080606942e+00 -1.985595848053035350e+00 -2.595268440607460647e+00 1.801778575528884263e-01 7.274659264226754731e-05 2.581146509059669256e+02 5.943309474594415178e+02 2.844673796412752722e+02 4.652322719688517761e+10 2.882888280311482239e+10 1.520509632974837155e-01
3.981071705534887966e+06 7.226863776041019705e+00 -1.977805162813800921e+00 -2.592697050571562745e+00 1.809171572549838070e-01 5.839040365423627216e-05 2.324563838626409620e+02 5.352506042534187145e+02 2.562278408484538659e+02 4.641723627653746033e+10 2.893487372346253967e+10 1.574434366933975260e-01
4.466835921509534121e+06 7.170426280670781694e+00 -1.969965106215346706e+00 -2.590127319856546428e+00 1.816641438654149898e-01 4.686648209108591843e-05 2.093448857192458377e+02 4.820344131516775974e+02 2.307957154133265760e+02 4.631013528483662415e+10 2.904197471516337585e+10 1.630262051240556342e-01
5.011872336272612214e+06 7.114077756191044877e+00 -1.962075603490574638e+00 -2.587549752600906583e+00 1.824188814417156135e-01 3.761711842413980038e-05 1.885321952002370551e+02 4.341114222175094710e+02 2.078920695290970002e+02 4.620191329333808899e+10 2.915019670666191101e+10 1.688057979253653751e-01
5.623413251903364435e+06 7.057822591261847300e+00 -1.954136589100081922e+00 -2.584962014401835262e+00 1.831814332453855221e-01 3.019350054349738432e-05 1.697905310776546344e+02 3.909571457909498235e+02 1.872653553288856187e+02 4.609255767777711487e+10 2.925955232222288513e+10 1.747890359451305387e-01
6.309573444801787846e+06 7.001664780875055172e+00 -1.946147946618525193e+00 -2.582369362511651278e+00 1.839518675002700943e-01 2.423487141580672350e-05 1.529117011233600181e+02 3.520922035510096748e+02 1.686891215953367009e+02 4.598205604747175598e+10 2.937005395252824402e+10 1.809829409145812806e-01
7.079457843841213733e+06 6.945607923708233322e+00 -1.938109506386693770e+00 -2.579773730976491208e+00 1.847302576855410217e-01 1.945205106108161152e-05 1.377099754631740325e+02 3.170889366580803426e+02 1.519595930901095358e+02 4.587039681303509521e+10 2.948171318696490479e+10 1.873946952159156742e-01
7.943282347242626362e+06 6.889655453022629494e+00 -1.930021076956988546e+00 -2.577167684655747415e+00 1.855166795415322256e-01 1.561332145426440576e-05 1.240210206894830236e+02 2.855689534575097355e+02 1.368931458372198335e+02 4.575756749836662292e+10 2.959454250163337708e+10 1.940317342470053719e-01
8.912509381337240338e+06 6.833810953605916616e+00 -1.921882490683312072e+00 -2.574544472773600212e+00 1.863112066163793434e-01 1.253248853748728884e-05 1.116959216618568860e+02 2.571893641668224291e+02 1.233241878966115905e+02 4.564355356217070770e+10 2.970855643782929230e+10 2.009018388764268748e-01
9.999999999999754131e+06 6.778077784638903758e+00 -1.913693549164879881e+00 -2.571910075810081686e+00 1.871139155382744168e-01 1.005970535305620217e-05 1.005970535305595490e+02 2.316332758585904799e+02 1.111036218959763175e+02 4.552834017768313599e+10 2.982376982231686401e+10 2.080130559737794205e-01
1.122018454301935434e+07 6.722458902609202092e+00 -1.905453995733374928e+00 -2.569267686063076539e+00 1.879248887488609299e-01 8.074877144607362081e-06 9.060161172470378688e+01 2.086179205585375200e+02 1.000973419855481694e+02 4.541191356952729797e+10 2.994019643047270203e+10 2.153736086837482189e-01
1.258925411794135347e+07 6.666957042556671986e+00 -1.897163540320830455e+00 -2.566613692755641551e+00 1.887442121143537432e-01 6.481760740698038818e-06 8.160053309634338348e+01 1.878921710880075580e+02 9.018458969438458439e+01 4.529425972312113953e+10 3.005785027687886047e+10 2.229919688779352649e-01
1.412537544622717984e+07 6.611575116740551650e+00 -1.888821918477923578e+00 -2.563937648267551772e+00 1.895719690792233014e-01 5.203156410238853616e-06 7.349653780006745762e+01 1.692320323251087473e+02 8.125648460905671300e+01 4.517536251605316925e+10 3.017674748394683075e+10 2.308769926745662115e-01
1.584893192461071908e+07 6.556316020035195535e+00 -1.880428862897882247e+00 -2.561243606170622300e+00 1.904082434090845211e-01 4.176893214539039837e-06 6.619929621359767680e+01 1.524295126281271848e+02 7.321494598522585306e+01 4.505520474197654724e+10 3.029690525802345276e+10 2.390378925419484879e-01
1.778279410038875416e+07 6.501182252040623055e+00 -1.871984045291859688e+00 -2.558536803628796541e+00 1.912531249719227888e-01 3.353105445436366262e-06 5.962758373308722071e+01 1.372975854350609097e+02 6.597176853364618410e+01 4.493377025044612122e+10 3.041833974955387878e+10 2.474840936774822253e-01
1.995262314968825877e+07 6.446176051269092433e+00 -1.863487094728183413e+00 -2.555817527560797053e+00 1.921067079622718332e-01 2.691833009131037261e-06 5.370912961308294342e+01 1.236698412047698525e+02 5.944758286765044630e+01 4.481104343972579956e+10 3.054106656027420044e+10 2.562252544078931216e-01
2.238721138568278402e+07 6.391299770423035653e+00 -1.854937654657015988e+00 -2.553073640947152612e+00 1.929690851677139385e-01 2.161065224947135302e-06 4.838022400913963139e+01 1.113995825991575543e+02 5.357084727255228529e+01 4.468700684621417999e+10 3.066510315378582001e+10 2.652714400089453695e-01
2.511886431509510428e+07 6.336555945761130459e+00 -1.846335394627673043e+00 -2.550304756140817197e+00 1.938403466889956905e-01 1.735028606653739094e-06 4.358194815334378802e+01 1.003511441415287919e+02 4.827707910403514546e+01 4.456164102677718353e+10 3.079046897322281647e+10 2.746331793258545151e-01
2.818382931264374405e+07 6.281946781291540383e+00 -1.837679929461904393e+00 -2.547518549164054846e+00 1.947205880571869496e-01 1.393018295176415388e-06 3.926058986064207090e+01 9.040084895526761954e+01 4.350827927661525507e+01 4.443492730502146149e+10 3.091718269497853851e+10 2.843212790206437468e-01
3.162277660168288648e+07 6.227474181314072155e+00 -1.828970822230561621e+00 -2.544718146382673574e+00 1.956099099731694879e-01 1.118446877725508349e-06 3.536839575516348333e+01 8.143874082895332833e+01 3.921228953200974843e+01 4.430684827490571594e+10 3.104526172509428406e+10 2.943467645609511574e-01
3.548133892335651815e+07 6.173140049515654759e+00 -1.820207630586065717e+00 -2.541892944584967395e+00 1.965084135816893840e-01 8.980330033393400231e-07 3.186341335584288004e+01 7.336822060507120113e+01 3.534211549615915260e+01 4.417738522966950226e+10 3.117472477033049774e+10 3.047210710009811696e-01
3.981071705534855276e+07 6.118946613317219452e+00 -1.811389959702551788e+00 -2.539036337673009847e+00 1.974161949431347540e-01 7.210969121074277991e-07 2.870738513739435049e+01 6.610119707620306428e+01 3.185538005412731266e+01 4.404651676078668976e+10 3.130559323921331024e+10 3.154562016235240574e-01
4.466835921509497613e+07 6.064895910311205007e+00 -1.802517379892795368e+00 -2.536157595733023573e+00 1.983333533833427365e-01 5.790424076174776733e-07 2.586487426423094149e+01 5.955607391298350706e+01 2.871394827939766259e+01 4.391422155686653137e+10 3.143788844313346863e+10 3.265645427305637338e-01
5.011872336272571236e+07 6.010989629872863560e+00 -1.793589398863865592e+00 -2.533261589521890844e+00 1.992599943627895720e-01 4.649838017854990701e-07 2.330439452983591408e+01 5.366035144565216086e+01 2.588353764543178315e+01 4.378048004655060577e+10 3.157162995344939423e+10 3.380587039826907780e-01
5.623413251903318614e+07 5.957229344838205876e+00 -1.784605497962216791e+00 -2.530342248548450801e+00 2.001962257285610225e-01 3.734062196874225608e-07 2.099817484133373924e+01 4.835008436973768653e+01 2.333327675004704815e+01 4.364527221251546478e+10 3.170683778748453522e+10 3.499516852652065357e-01
6.309573444801736623e+07 5.903616987439483488e+00 -1.775565211792629716e+00 -2.527386944326884599e+00 2.011421493211869027e-01 2.998837745919778682e-07 1.892138700692453313e+01 4.356810366091566067e+01 2.103532204928072602e+01 4.350857504874678802e+10 3.184353495125321198e+10 3.622571323205833749e-01
7.079457843841156363e+07 5.850154513322222805e+00 -1.766468073428673513e+00 -2.524403402300408938e+00 2.020978665217481318e-01 2.408488824220947920e-07 1.705079509843475449e+01 3.926090661735181442e+01 1.896459679232404838e+01 4.337036452794483948e+10 3.198174547205516052e+10 3.749892307472958985e-01
7.943282347242560983e+07 5.796843490762917384e+00 -1.757313543677267553e+00 -2.521398899559197826e+00 2.030634856158933244e-01 1.934415204056160455e-07 1.536560614261691526e+01 3.538061564880744925e+01 1.709855873567007478e+01 4.323061848968827057e+10 3.212149151031172943e+10 3.881624304309010398e-01
8.912509381337167323e+07 5.743685281683535315e+00 -1.748101039451596339e+00 -2.518372885731229083e+00 2.040391188131034372e-01 1.553704899564011214e-07 1.384740949319377101e+01 3.188483867561221174e+01 1.541692237755959027e+01 4.308931545380413055e+10 3.226279454619586945e+10 4.017915245200073815e-01
9.999999999999672174e+07 5.690681532110087204e+00 -1.738830018137774047e+00 -2.515308955417266734e+00 2.050248732204066338e-01 1.248003246339340855e-07 1.248003246339299999e+01 2.873633671029048386e+01 1.390139299291202946e+01 4.294643113107369995e+10 3.240567886892630005e+10 4.158919934845461963e-01
1.122018454301928580e+08 5.637834146005167746e+00 -1.729499975090935227e+00 -2.512209409961045914e+00 2.060208508848457021e-01 1.002510112451117497e-07 1.124834846794455423e+01 2.590027950309154647e+01 1.253547758757748554e+01 4.280193881036286163e+10 3.255017118963713837e+10 4.304800588599896893e-01
1.258925411794124991e+08 5.585144663969625611e+00 -1.720110334418406328e+00 -2.509084975125628780e+00 2.070271602923407228e-01 8.053373047052365064e-08 1.013859597959210568e+01 2.334497996649814766e+01 1.130434610083774771e+01 4.265581336013362122e+10 3.269629663986637878e+10 4.455723006774722772e-01
1.412537544622703493e+08 5.532614342720601819e+00 -1.710660460189164622e+00 -2.505939683933827489e+00 2.080439151510191376e-01 6.469625732390666127e-08 9.138589246658971987e+00 2.104237937035263784e+01 1.019466211741648287e+01 4.250803151161745453e+10 3.284407848838254547e+10 4.611855816181802403e-01
1.584893192461059093e+08 5.480244567477256190e+00 -1.701149729065764449e+00 -2.502757449549321667e+00 2.090712264875864979e-01 5.197646269126007113e-08 8.237714188758429756e+00 1.896803789138069973e+01 9.194401685873152985e+00 4.235856784907443237e+10 3.299354215092556763e+10 4.773374501852737928e-01
1.778279410038864613e+08 5.428037168378139654e+00 -1.691577589476470189e+00 -2.499532053912523644e+00 2.101091960109477963e-01 4.176048131019952171e-08 7.426180406724063765e+00 1.709941230240729126e+01 8.292715431028456763e+00 4.220739323170060730e+10 3.314471676829939270e+10 4.940464076933757109e-01
1.995262314968809485e+08 5.375993736155917802e+00 -1.681943438070600649e+00 -2.496277116387102257e+00 2.111579292433709842e-01 3.355391829855307846e-08 6.694886870064530981e+00 1.541554670629215451e+01 7.479841455810973372e+00 4.205447925112850189e+10 3.329763074887149811e+10 5.113314859156844472e-01
2.238721138568255305e+08 5.324115495617410154e+00 -1.672246593689266758e+00 -2.492999655137480897e+00 2.122175382736048443e-01 2.696085710660289459e-08 6.035784071847007048e+00 1.389790642836582180e+01 6.747005127444526629e+00 4.189980026035166931e+10 3.345230973964833069e+10 5.292119633397619483e-01
2.511886431509489715e+08 5.272403626732079296e+00 -1.662486354727130244e+00 -2.489688727749408415e+00 2.132881353958803183e-01 2.166436812208159093e-08 5.441843233308347294e+00 1.253030710742632081e+01 6.086299789049725462e+00 4.174332964707962799e+10 3.360878035292037201e+10 5.477077504693474985e-01
2.818382931264356971e+08 5.220859831705228160e+00 -1.652662107047385698e+00 -2.486328700834941507e+00 2.143698210136180948e-01 1.740977319879277842e-08 4.906740762066123196e+00 1.129818813391969989e+01 5.490587408016077475e+00 4.158503632458802032e+10 3.376707367541197968e+10 5.668398791276150206e-01
3.162277660168262720e+08 5.169485806170597719e+00 -1.642773226353753335e+00 -2.482932715939456081e+00 2.154626940189330597e-01 1.399146895306423180e-08 4.424490970321285133e+00 1.018776695234855190e+01 4.953438530859373579e+00 4.142488840350985718e+10 3.392722159649014282e+10 5.866301870555732378e-01
3.548133892335615158e+08 5.118282802307134283e+00 -1.632818992621165144e+00 -2.479510783545994634e+00 2.165668610580364639e-01 1.124470083549786011e-08 3.989770414360456652e+00 9.186785880575065733e+00 4.469074710036284870e+00 4.126285716804757690e+10 3.408925283195242310e+10 6.071007858572802229e-01
3.981071705534822941e+08 5.067251883094717080e+00 -1.622798635756513397e+00 -2.476059821076991518e+00 2.176824313505397457e-01 9.037519577851991265e-09 3.597901347960358098e+00 8.284474009876705125e+00 4.032293212774992419e+00 4.109891458949643707e+10 3.425319541050356293e+10 6.282743049764223375e-01
4.466835921509470344e+08 5.016394567527599158e+00 -1.612711462024742248e+00 -2.472557076113234942e+00 2.188095023355998425e-01 7.264166937350479459e-09 3.244784181559855707e+00 7.471391686442609092e+00 3.638396570367011584e+00 4.093302817488486481e+10 3.441908182511513519e+10 6.501745844788250350e-01
5.011872336272529960e+08 4.965712654657344238e+00 -1.602556822878113074e+00 -2.469009371829963051e+00 2.199481626971023229e-01 5.839173262113682888e-09 2.926519093908979574e+00 6.738559239997258921e+00 3.283147797206016349e+00 4.076516247636000061e+10 3.458694752363999939e+10 6.728266556341743199e-01
5.623413251903260946e+08 4.915207483406906164e+00 -1.592333967033034980e+00 -2.465431527157146085e+00 2.210985086065368477e-01 4.693894481590092923e-09 2.639570843080931706e+00 6.077836475179879017e+00 2.962737904326589344e+00 4.059528501431324005e+10 3.475682498568675995e+10 6.962559540600288255e-01
6.309573444801684618e+08 4.864880087644372075e+00 -1.582042067367988913e+00 -2.461827884070452388e+00 2.222606405172864452e-01 3.773357218261590927e-09 2.380827450209408891e+00 5.482057795843209291e+00 2.673740547551013425e+00 4.042336593314086914e+10 3.492874406685913086e+10 7.204882666322940388e-01
7.079457843841112852e+08 4.814731773240488621e+00 -1.571680337206314171e+00 -2.458173732832979574e+00 2.234346497216916638e-01 3.033575067102179046e-09 2.147606680367735166e+00 4.945047127829175437e+00 2.413062924459204783e+00 4.024937168571887970e+10 3.510273831428112030e+10 7.455505890493467902e-01
7.943282347242497206e+08 4.764764386494982240e+00 -1.561248089187935673e+00 -2.454464584827253937e+00 2.246206111508475267e-01 2.439027637519463430e-09 1.937388517754492723e+00 4.461001920319325187e+00 2.177911698255493356e+00 4.007326355951397705e+10 3.527884644048602295e+10 7.714715425721730968e-01
8.912509381337076426e+08 4.714979418169834346e+00 -1.550744550894522122e+00 -2.450720040111742826e+00 2.258186038084177283e-01 1.961090517693848305e-09 1.747823763659760665e+00 4.024512943383713015e+00 1.965773826662918333e+00 3.989500479159420776e+10 3.545710520840579224e+10 7.982804323829236770e-01
9.999999999999591112e+08 4.665377944704304447e+00 -1.540168848103196098e+00 -2.446949531305739001e+00 2.270287123774132054e-01 1.576847588278097623e-09 1.576847588278033063e+00 3.630825750692611820e+00 1.774390359311011078e+00 3.971456287441884613e+10 3.563754712558115387e+10 8.260067765304007770e-01
1.122018454301919460e+09 4.615961081859752291e+00 -1.529520098030687780e+00 -2.443133820886769225e+00 2.282510161795039960e-01 1.267966353384986839e-09 1.422681647931864246e+00 3.275845554604114085e+00 1.601723576678593552e+00 3.953190325150881958e+10 3.582020674849118042e+10 8.546811858561949027e-01
1.258925411794114590e+09 4.566730626781481561e+00 -1.518797549932446422e+00 -2.439254337778523851e+00 2.294855724346067105e-01 1.019683700398132864e-09 1.283705722423466034e+00 2.955841660243425206e+00 1.445931396307405636e+00 3.934698466788309479e+10 3.600512533211690521e+10 8.843362698251875376e-01
1.412537544622691870e+09 4.517688269189781280e+00 -1.508000418142084076e+00 -2.435332209226875211e+00 2.307324347665000164e-01 8.200603840577457614e-10 1.158366081339269993e+00 2.667236471121731345e+00 1.305354443023277300e+00 3.915976577200392914e+10 3.619234422799607086e+10 9.150058051973585238e-01
1.584893192461045980e+09 4.468835176292544453e+00 -1.497127787707633884e+00 -2.431380393011907337e+00 2.319916636008336752e-01 6.595358049481382633e-10 1.045293807446620482e+00 2.406877938825576990e+00 1.178501582774595047e+00 3.897021036909954071e+10 3.638189963090045929e+10 9.467237596618346407e-01
1.778279410038850069e+09 4.420172352391132264e+00 -1.486178689083019977e+00 -2.427390748408827292e+00 2.332633170402699796e-01 5.304555225097929975e-10 9.432981336205646938e-01 2.172024220723817844e+00 1.064029028785860698e+00 3.877828260884584045e+10 3.657382739115415955e+10 9.795249617497416850e-01
1.995262314968793154e+09 4.371701443300277212e+00 -1.475152279624868390e+00 -2.423332789424646361e+00 2.345474290844221932e-01 4.266778543371835125e-10 8.513342433907262752e-01 1.960269537986851107e+00 9.607216848180943902e-01 3.858393966169220734e+10 3.676817033830779266e+10 1.013446441723221625e+00
2.238721138568236828e+09 4.323424332435426898e+00 -1.464047757804672001e+00 -2.419221118262038228e+00 2.358440187184127068e-01 3.432257401060751182e-10 7.683867196761982044e-01 1.769275806381008787e+00 8.674830512088982370e-01 3.838713548459148407e+10 3.696497451540851593e+10 1.048527118329634522e+00
2.511886431509469032e+09 4.275342324505595926e+00 -1.452864175090560872e+00 -2.415074525154834895e+00 2.371531111163203975e-01 2.761045287647487276e-10 6.935432194824882046e-01 1.596942278527475167e+00 7.833275990861865434e-01 3.818782916486549377e+10 3.716428083513450623e+10 1.084806279651413075e+00
2.818382931264333725e+09 4.227456413530350510e+00 -1.441600491513994164e+00 -2.410896422799474248e+00 2.384747304858643169e-01 2.221151562273829546e-10 6.260055650863669552e-01 1.441431082299182487e+00 7.073682650655204185e-01 3.798598310485842133e+10 3.736612689514157867e+10 1.122323722481165964e+00
3.162277660168237209e+09 4.179768027312356082e+00 -1.430255749138424903e+00 -2.406650924442700124e+00 2.398088788634255009e-01 1.786980018050570373e-10 5.650926990248351656e-01 1.301174024934356410e+00 6.388031373846821959e-01 3.778155364710874939e+10 3.757055635289125061e+10 1.161121463646048291e+00
3.548133892335586071e+09 4.132279171314918287e+00 -1.418829112216850818e+00 -2.402338354864632208e+00 2.411555303040634757e-01 1.437794371861419507e-10 5.101486941010857645e-01 1.174660778247539561e+00 5.769072673051350852e-01 3.757449046535028839e+10 3.777761953464971161e+10 1.201244272744123487e+00
3.981071705534790039e+09 4.084991345634765736e+00 -1.407319609738061139e+00 -2.397984547927130450e+00 2.425146601513192279e-01 1.156883969118992051e-10 4.605638036046403316e-01 1.060487348552682230e+00 5.210285641351297681e-01 3.736474721793283844e+10 3.798736278206716156e+10 1.242737744539815115e+00
4.466835921509433746e+09 4.037905617615553666e+00 -1.395726146070068951e+00 -2.393600871580816580e+00 2.438862428530418625e-01 9.308721543043431433e-11 4.158053177179512616e-01 9.574271261650075804e-01 4.705807022671877338e-01 3.715228356651329041e+10 3.819982643348670959e+10 1.285647655445430360e+00
5.011872336272489548e+09 3.991023196570486764e+00 -1.384047638269822800e+00 -2.389156679068124234e+00 2.452702346386285981e-01 7.490638589851503058e-11 3.754212432949192157e-01 8.644393584041718537e-01 4.250340401529584256e-01 3.693705532685948181e+10 3.841505467314051819e+10 1.330021808670516892e+00
5.623413251903214455e+09 3.944346087599970296e+00 -1.372283183296219233e+00 -2.384632628413664968e+00 2.466665523928404380e-01 6.028217263696502590e-11 3.389915684602264889e-01 7.805569321871881350e-01 3.839091328881746312e-01 3.671900897928205109e+10 3.863310102071794891e+10 1.375911557675159491e+00
6.309573444801632881e+09 3.897876036353874696e+00 -1.360431798720745045e+00 -2.380059258682529322e+00 2.480751030230774756e-01 4.851516649882481784e-11 3.061100062111148934e-01 7.048443371180279637e-01 3.467741011555444119e-01 3.649809244656892395e+10 3.885401755343107605e+10 1.423369913768682160e+00
7.079457843841054916e+09 3.851614230861161392e+00 -1.348492341169242437e+00 -2.375451802947435631e+00 2.494957918424008658e-01 3.904571243014678828e-11 2.764224751319648843e-01 6.364862706073797227e-01 3.132408359624093697e-01 3.627426132574024200e+10 3.907784867425975800e+10 1.472449950925086126e+00
7.943282347242431641e+09 3.805561739338970462e+00 -1.336463612306482585e+00 -2.370794442351279230e+00 2.509285085430622564e-01 3.142582753561749908e-11 2.496242211111556197e-01 5.747810103807965421e-01 2.829591539377050990e-01 3.604747068638433075e+10 3.930463931361566925e+10 1.523206381696640355e+00
8.912509381337003708e+09 3.759720431057886447e+00 -1.324344601195397431e+00 -2.366049396966920959e+00 2.523730967048563589e-01 2.529546361013383593e-11 2.254460567305865970e-01 5.191087295021387105e-01 2.556119104406318066e-01 3.581766545451158905e+10 3.953444454548841095e+10 1.575697954553001434e+00
9.999999999999509811e+09 3.714092303551914220e+00 -1.312134315489730252e+00 -2.361242218390422032e+00 2.538293721500258227e-01 2.036208504308734017e-11 2.036208504308634204e-01 4.688543348248763731e-01 2.309128338324565599e-01 3.558478783526483154e+10 3.976732216473516846e+10 1.629986383000282979e+00
1.122018454301910210e+10 3.668678695828187397e+00 -1.299831568856010033e+00 -2.356394020342371221e+00 2.552971465143631380e-01 1.639117920956909349e-11 1.839120556090632075e-01 4.234731576673209652e-01 2.086046465201517319e-01 3.534878807710755920e+10 4.000332192289244080e+10 1.686133695625012585e+00
1.258925411794104385e+10 3.623480653200542356e+00 -1.287435070295471107e+00 -2.351505963623442774e+00 2.567762146886156116e-01 1.319486485574476184e-11 1.661135067208603100e-01 3.824904843204192106e-01 1.884555554704583080e-01 3.510962015503639984e+10 4.024248984496360016e+10 1.744202957270274856e+00
1.412537544622680283e+10 3.578499810941934811e+00 -1.274943665364862033e+00 -2.346529688066309127e+00 2.582663239534114252e-01 1.062277077973521362e-11 1.500506255429673308e-01 3.455043335696681983e-01 1.702556850232062047e-01 3.486722894666705322e+10 4.048488105333294678e+10 1.804261404936348789e+00
1.584893192461033058e+10 3.533738348174708221e+00 -1.262356332722655905e+00 -2.341474016061672270e+00 2.597671721996293037e-01 8.552662807293797157e-12 1.355505706069460858e-01 3.121167232263909463e-01 1.538151586033048024e-01 3.462155156844411469e+10 4.073055843155588531e+10 1.866380926175354560e+00
1.778279410038835526e+10 3.489197807247967908e+00 -1.249671855136962773e+00 -2.336369787180633928e+00 2.612784448453457364e-01 6.886109108204031754e-12 1.224542604240011767e-01 2.819613546259158721e-01 1.389632066569971847e-01 3.437253213313094330e+10 4.097957786686905670e+10 1.930634477543761829e+00
1.995262314968776703e+10 3.444879311398134636e+00 -1.236888870876084789e+00 -2.331230172041803606e+00 2.627998061504466243e-01 5.544289246258969422e-12 1.106231139634716587e-01 2.547191331528713132e-01 1.255461944625275716e-01 3.412012274347110748e+10 4.123198725652889252e+10 1.997095419917167769e+00
2.238721138568218613e+10 3.400784238500435208e+00 -1.224006063407041767e+00 -2.326009928735563115e+00 2.643308738984531114e-01 4.464219684800078398e-12 9.994142975574285548e-02 2.301236463280850741e-01 1.134251249755037216e-01 3.386426920377097702e+10 4.148784079622901917e+10 2.065841089051971835e+00
2.511886431509448624e+10 3.356914815411134789e+00 -1.211022342463291990e+00 -2.320692310577207707e+00 2.658711951075695135e-01 3.594860034688570934e-12 9.029880144309807011e-02 2.079206741181068574e-01 1.024740169643489629e-01 3.360490525585431671e+10 4.174720474414568329e+10 2.136955178004999567e+00
2.818382931264310837e+10 3.313272846262829585e+00 -1.197936476178654841e+00 -2.315317312196545352e+00 2.674202867985734366e-01 2.894861994361007164e-12 8.158829633272823845e-02 1.878639948985208197e-01 9.257940023893330983e-02 3.334196880666214752e+10 4.201014119333785248e+10 2.210523887416962818e+00
3.162277660168211365e+10 3.269859583811705939e+00 -1.184747043256817234e+00 -2.309902960356776891e+00 2.689776382812007482e-01 2.331151547982202659e-12 7.371748462650663802e-02 1.697407811940119249e-01 8.363928083662003354e-02 3.307540876740953827e+10 4.227670123259046173e+10 2.286633543448678640e+00
3.548133892335557556e+10 3.226676217871233376e+00 -1.171452572700054873e+00 -2.304421799754770905e+00 2.705426909919884104e-01 1.877266523047924184e-12 6.660792975373269753e-02 1.533704261261394919e-01 7.556150065361628976e-02 3.280517219555718231e+10 4.254693780444281769e+10 2.365373944172599607e+00
3.981071705534757233e+10 3.183724862646773790e+00 -1.158051851763052920e+00 -2.298830311591656628e+00 2.721147986382265183e-01 1.511887449100978544e-12 6.018932345569025927e-02 1.385910389464692638e-01 6.826246402680109793e-02 3.253119227785454559e+10 4.282091772214545441e+10 2.446842487687615808e+00
4.466835921509397125e+10 3.141007611698506619e+00 -1.144543643889614826e+00 -2.293167586774818023e+00 2.736932567782028869e-01 1.217656304466775478e-12 5.439070920844576301e-02 1.252392362207412069e-01 6.166670714762086808e-02 3.225340128212363052e+10 4.309870871787637329e+10 2.531141437442648634e+00
5.011872336272447968e+10 3.098525865593269479e+00 -1.130926471164194869e+00 -2.287456520659276293e+00 2.752773239724742305e-01 9.806769673310246551e-13 4.915027763385921428e-02 1.131726965962428916e-01 5.570640882719628956e-02 3.197174372551731491e+10 4.338036627448268127e+10 2.618373594720398323e+00
5.623413251903168488e+10 3.056280753626055446e+00 -1.117198736726550790e+00 -2.281693329055038966e+00 2.768662026257557862e-01 7.898125156051635003e-13 4.441442166773054701e-02 1.022679852460681021e-01 5.032039178113853484e-02 3.168616816282475662e+10 4.366594183717524719e+10 2.708644414279768764e+00
6.309573444801581573e+10 3.014274147206100096e+00 -1.103359053999567463e+00 -2.275816282555902514e+00 2.784589961053147711e-01 6.361421560765895275e-13 4.013785655099672001e-02 9.242083015905845633e-02 4.545317139601039169e-02 3.139661037302568436e+10 4.395549962697431946e+10 2.802067565775498093e+00
7.079457843840997314e+10 2.972508370689650903e+00 -1.089406165622451628e+00 -2.269846482924982922e+00 2.800547137163640898e-01 5.123906967513151920e-13 3.627448337227252156e-02 8.352508466905510243e-02 4.105452352530757076e-02 3.110299829014170074e+10 4.424911170985829926e+10 2.898764904339410364e+00
7.943282347242366028e+10 2.930985014302541547e+00 -1.075338548888165713e+00 -2.263819168787720049e+00 2.816523106775390972e-01 4.127071482261008125e-13 3.278249405085124912e-02 7.548448211265608443e-02 3.707928435576481052e-02 3.080527157262319565e+10 4.454683842737680054e+10 2.998860189055768899e+00
8.912509381336930847e+10 2.889705265431939285e+00 -1.061154512643984749e+00 -2.257748934562117782e+00 2.832506706246558648e-01 3.324037724357362999e-13 2.962551740225286001e-02 6.821527474266313174e-02 3.348679043438184538e-02 3.050338061503553391e+10 4.484872938496446228e+10 3.102478819320916514e+00
9.999999999999427795e+10 2.848670698884861796e+00 -1.046852464028334317e+00 -2.251571783921763714e+00 2.848485691663560915e-01 2.677369810159885674e-13 2.677369810159732633e-02 6.164871813306099096e-02 3.024019061248875775e-02 3.019726650067927551e+10 4.515484349932072449e+10 3.209754565231165646e+00
1.122018454301901093e+11 2.807883735698356809e+00 -1.032431080640540344e+00 -2.245277647506632945e+00 2.864446490389364053e-01 2.156612379712422751e-13 2.419758888813277123e-02 5.571700746021288758e-02 2.730604747265692397e-02 2.988685592887454605e+10 4.546525407112545776e+10 3.320833129471091993e+00
1.258925411794094086e+11 2.767346222146537915e+00 -1.017888818436788023e+00 -2.238916054641935993e+00 2.880374686214118851e-01 1.737103574129314285e-13 2.186883832389739657e-02 5.035486112570303902e-02 2.465425075800903656e-02 2.957208461670618439e+10 4.578002538329381561e+10 3.435864780541825425e+00
1.412537544622668762e+11 2.727059468707657253e+00 -1.003223910999219148e+00 -2.232509641017619728e+00 2.896254937785907591e-01 1.399116516366170548e-13 1.976304608668892626e-02 4.550609531136423636e-02 2.225772684708236457e-02 2.925290441066871262e+10 4.609920558933128357e+10 3.555001027233715138e+00
1.584893192461020203e+11 2.687024800013647852e+00 -9.884345592199568209e-01 -2.226013176835675011e+00 2.912070687554095261e-01 1.126885128036076062e-13 1.785992568109942211e-02 4.112399863528105881e-02 2.009197449841624086e-02 2.892926387661793137e+10 4.642284612338206482e+10 3.678401467995151108e+00
1.778279410038821106e+11 2.647244553745798701e+00 -9.735193080010857702e-01 -2.219379298806387624e+00 2.927803684387729199e-01 9.076662443898627873e-14 1.614084193585757498e-02 3.716566202987880985e-02 1.813473298178725282e-02 2.860109368403786087e+10 4.675101631596214294e+10 3.806240957430605754e+00
1.995262314968760376e+11 2.607720877937885540e+00 -9.584766130062217782e-01 -2.212663680638319974e+00 2.943434373113524294e-01 7.310697436091313411e-14 1.458675909037173563e-02 3.358725403658534975e-02 1.636591008012565698e-02 2.826832789956117249e+10 4.708378210043882751e+10 3.938703416592317819e+00
2.238721138568200378e+11 2.568455218155774045e+00 -9.433046357550017857e-01 -2.205892214620135405e+00 2.958942008931210177e-01 5.887895250542057875e-14 1.318135555906381484e-02 3.035119281575453937e-02 1.476744890881716808e-02 2.793091980161149979e+10 4.742119019838850403e+10 4.075974963126931527e+00
2.511886431509428101e+11 2.529448775813541772e+00 -9.280014038286722444e-01 -2.199051416742815679e+00 2.974304379597739745e-01 4.741701553019700770e-14 1.191061579329736990e-02 2.742520637402597744e-02 1.332303892907266141e-02 2.758882764983737564e+10 4.776328235016262817e+10 4.218249215088422766e+00
2.818382931264287720e+11 2.490703644202582279e+00 -9.125652585893041513e-01 -2.192064598518336460e+00 2.989497256607115960e-01 3.818730103670072427e-14 1.076264374328883555e-02 2.478190304450251027e-02 1.201786119360945433e-02 2.724199290904454041e+10 4.811011709095545959e+10 4.365737361896828261e+00
3.162277660168185425e+11 2.452222240160259137e+00 -8.969946502474384076e-01 -2.184970324783307660e+00 3.004494518597473629e-01 3.075310741840806662e-14 9.724986456998431852e-03 2.239260884545356961e-02 1.083849839636055745e-02 2.689035156092020416e+10 4.846175843907979584e+10 4.518666548664569405e+00
3.548133892335527954e+11 2.414006172779527226e+00 -8.812876797472681822e-01 -2.177808719088074163e+00 3.019268483441543416e-01 2.476388440223273312e-14 8.786557755344108836e-03 2.023179690618657003e-02 9.772888252569557690e-03 2.653385963339382553e+10 4.881825036660617065e+10 4.677269084532198029e+00
3.981071705534724731e+11 2.376056656941798462e+00 -8.654422467303237720e-01 -2.170594329757707719e+00 3.033789621947839965e-01 1.993869035789507663e-14 7.937735602923412168e-03 1.827731167141955285e-02 8.810160538129408261e-03 2.617248860175878143e+10 4.917962139824121857e+10 4.841783795631112497e+00
4.466835921509360962e+11 2.338375448511561761e+00 -8.494564354917184534e-01 -2.163238674851553967e+00 3.048026073195372332e-01 1.605330452670420376e-14 7.170747731881116360e-03 1.651125683305032510e-02 7.940446325517665216e-03 2.580619769306012344e+10 4.954591230693988037e+10 5.012468947864294755e+00
5.011872336272407227e+11 2.300965101476745822e+00 -8.333286442614408207e-01 -2.155743601142436461e+00 3.061943433462456232e-01 1.292455775868075629e-14 6.477623348928698496e-03 1.491527896127338958e-02 7.154782930659575602e-03 2.543493132019780350e+10 4.991717867980220032e+10 5.189607500390099659e+00
5.623413251903122559e+11 2.263827452615745361e+00 -8.170569439275929824e-01 -2.148169567832412419e+00 3.075505199406836088e-01 1.040432199878742440e-14 5.850780220504838217e-03 1.347191931811885651e-02 6.445102973674772182e-03 2.505865221110812759e+10 5.029345778889187622e+10 5.373493318101846050e+00
6.309573444801529541e+11 2.226963811487586931e+00 -8.006391382498843079e-01 -2.140545856440091654e+00 3.088672540231061636e-01 8.374111598069227847e-15 5.283707216298209712e-03 1.216618547199332413e-02 5.804150353921969964e-03 2.467734818510638428e+10 5.067476181489361572e+10 5.564426991971189729e+00
7.079457843840938721e+11 2.190375606355307703e+00 -7.840730388735756007e-01 -2.132800666107844467e+00 3.101403907135971139e-01 6.739403091061000615e-15 4.771132007581766789e-03 1.098593743736453118e-02 5.225347281188025966e-03 2.429100338075259781e+10 5.106110661924740601e+10 5.762730107121008416e+00
7.943282347242302246e+11 2.154065338432500809e+00 -7.673569118082674834e-01 -2.124885408527044994e+00 3.113654568360055275e-01 5.423498477964822632e-15 4.308037972031346710e-03 9.919624014451679586e-03 4.702708244892622562e-03 2.389958124253217316e+10 5.145252875746782684e+10 5.968758233220177623e+00
8.912509381336857910e+11 2.118035134955546628e+00 -7.504888357836185797e-01 -2.116876485201862668e+00 3.125376980159106921e-01 4.363832027212469452e-15 3.889269388110937371e-03 8.955373715702319437e-03 4.230833301638774538e-03 2.350305817608255005e+10 5.184905182391744995e+10 6.182887749834621971e+00
9.999999999999345703e+11 2.082286418964871544e+00 -7.334665298784024401e-01 -2.108806190309748363e+00 3.136520714027885015e-01 3.510463717358399047e-15 3.510463717358169519e-03 8.083141425085385579e-03 3.804870423119084168e-03 2.310144250981899261e+10 5.225066749018100739e+10 6.405505025492729487e+00
1.122018454301891846e+12 2.046820405326148506e+00 -7.162875672786975789e-01 -2.100643271054774441e+00 3.147032102284763599e-01 2.823431976500711087e-15 3.167942782099863151e-03 7.294457825521230218e-03 3.420430441853920551e-03 2.269475106683283234e+10 5.265735893316716766e+10 6.637019276408635982e+00
1.258925411794083740e+12 2.011639345728246209e+00 -6.989499845438797987e-01 -2.092293200259700559e+00 3.156853713866848987e-01 2.270618718665408709e-15 2.858539605423204410e-03 6.582030683180552059e-03 3.073518229136377317e-03 2.228298101726718140e+10 5.306912898273281860e+10 6.877882237123183806e+00
1.412537544622657227e+12 1.976745653351546173e+00 -6.814518830802017701e-01 -2.083820321445357671e+00 3.165924502072758329e-01 1.825683018995006950e-15 2.578845808910487387e-03 5.938011916727460419e-03 2.760517164138678436e-03 2.186613225574071503e+10 5.348597774425928497e+10 7.128582542946353406e+00
1.584893192461007080e+12 1.942140872727744050e+00 -6.637909072628178642e-01 -2.075271323865903739e+00 3.174179902495051775e-01 1.467540280716625827e-15 2.325894600570095616e-03 5.355570235148043000e-03 2.478177610341792108e-03 2.144424046623503494e+10 5.390786953376496887e+10 7.389627106529435885e+00
1.778279410038806396e+12 1.907826155313721683e+00 -6.459644553077696916e-01 -2.066657218336134250e+00 3.181551481601058162e-01 1.179299992080691295e-15 2.097124894176020677e-03 4.828808519476421486e-03 2.223568141476181450e-03 2.101736602691909027e+10 5.433474397308090973e+10 7.661547862387910079e+00
1.995262314968744141e+12 1.873803367718933188e+00 -6.279702518003510425e-01 -2.057856871990226821e+00 3.187966525686770081e-01 9.474903703518316402e-16 1.890491829758788375e-03 4.353018305629623337e-03 1.994022470848531414e-03 2.058555642324917221e+10 5.476655357675082397e+10 7.944928331942231914e+00
2.238721138568182129e+12 1.840075089202246827e+00 -6.098063801372626269e-01 -2.048891927815513547e+00 3.193347980932404462e-01 7.610624266685763434e-16 1.703806542352938802e-03 3.923159545767605436e-03 1.787118024563601453e-03 2.014884958358224106e+10 5.520326041641775513e+10 8.240411919708675370e+00
2.511886431509407715e+12 1.806643042894969797e+00 -5.914704508095619540e-01 -2.039837226284777927e+00 3.197614605287636969e-01 6.111040337875632624e-16 1.535023930711646801e-03 3.534523220245762952e-03 1.600675955413268002e-03 1.970732005548534775e+10 5.564478994451464844e+10 8.548676043741007646e+00
2.818382931264264648e+12 1.773508420021351562e+00 -5.729597429063991720e-01 -2.030730595398980487e+00 3.200680682418253764e-01 4.904909746021416812e-16 1.382391390757850081e-03 3.183073809042332499e-03 1.432736029681066408e-03 1.926108401020661163e+10 5.609102598979338837e+10 8.870428627436078628e+00
3.162277660168159668e+12 1.740672663395808284e+00 -5.542716266789990964e-01 -2.021460078550141315e+00 3.202455773600584865e-01 3.935553825756644541e-16 1.244531394357957206e-03 2.865639436411726321e-03 1.281518198544715544e-03 1.881025729860108948e+10 5.654185270139891052e+10 9.206440287799091848e+00
3.548133892335499023e+12 1.708138319797962268e+00 -5.354040755756607206e-01 -2.011980445376564841e+00 3.202844667944367285e-01 3.156789215993397362e-16 1.120071080822538159e-03 2.579058973795705489e-03 1.145400738289530400e-03 1.835493744542313385e+10 5.699717255457686615e+10 9.557570578161762143e+00
3.981071705534692383e+12 1.675907360164290205e+00 -5.163547261672252198e-01 -2.002395340471082807e+00 3.201747468589551948e-01 2.530985815690025506e-16 1.007603601795320535e-03 2.320093033141013873e-03 1.022921938116112990e-03 1.789525486333057404e+10 5.745685513666942596e+10 9.924740702940654913e+00
4.466835921509324219e+12 1.643981044525032686e+00 -4.971207664732538167e-01 -1.992749667171849648e+00 3.199059424053633527e-01 2.028167851575258318e-16 9.059493014266755805e-04 2.086025356473432835e-03 9.127689783757522669e-04 1.743139512023255920e+10 5.792071487976744080e+10 1.030891699494144120e+01
5.011872336272366211e+12 1.612360476164189427e+00 -4.776992395343597209e-01 -1.982980207159396713e+00 3.194670832826073115e-01 1.624425091896846661e-16 8.141411180424501601e-04 1.874629201998051584e-03 8.137526144139656118e-04 1.696356173938912964e+10 5.838854826061087036e+10 1.071114423994462150e+01
5.623413251903077148e+12 1.581047935998608045e+00 -4.580878778174120036e-01 -1.972970433196497897e+00 3.188467328525178557e-01 1.300496193168191738e-16 7.313227526711513866e-04 1.683932868467964824e-03 7.247885626523155539e-04 1.649194042323612404e+10 5.886016957676387787e+10 1.113259020598852267e+01
6.309573444801478516e+12 1.550045667928652060e+00 -4.382843936768998638e-01 -1.962824348795588092e+00 3.180329986123698327e-01 1.040563682624095456e-16 6.565512979509826891e-04 1.511765231447825082e-03 6.448961101544211207e-04 1.601673931906174469e+10 5.933537068093825531e+10 1.157453131363504539e+01
7.079457843840880859e+12 1.519354989997460104e+00 -4.182858961109207629e-01 -1.952598848538821708e+00 3.170135178803959453e-01 8.320223565798420257e-17 5.890267198540137267e-04 1.356284144511031966e-03 5.731948757554499981e-04 1.553823056445042229e+10 5.981387943554957581e+10 1.203832046540905765e+01
7.943282347242236328e+12 1.488976821188126465e+00 -3.980891868836824998e-01 -1.942294091980429904e+00 3.157754727172250586e-01 6.647946130778524053e-17 5.280651314603037770e-04 1.215914899830436739e-03 5.088898996469136057e-04 1.505672776982773590e+10 6.029538223017226410e+10 1.252541304405159295e+01
8.912509381336785156e+12 1.458912989804280080e+00 -3.776916308906616004e-01 -1.931743109399064906e+00 3.143056737931619882e-01 5.308503294645506297e-17 4.731208541438530822e-04 1.089401025936246464e-03 4.512570015027468130e-04 1.457253646424607277e+10 6.077957353575392914e+10 1.303743077827857810e+01
9.999999999999263672e+12 1.429165913118711106e+00 -3.570909965599339264e-01 -1.921001459352855267e+00 3.125906203428179819e-01 4.235853849471927156e-17 4.235853849471615264e-04 9.753413929894786446e-04 3.996384410296039075e-04 1.408596869440635490e+10 6.126614130559364319e+10 1.357617980738288921e+01
1.122018454301882617e+13 1.399737007249816090e+00 -3.362843670104056493e-01 -1.910164244027274139e+00 3.106164703610393429e-01 3.376989421857455122e-17 3.789044451306309799e-04 8.724597270269713028e-04 3.534434130291928757e-04 1.359740436756914330e+10 6.175470563243085480e+10 1.414360229541458303e+01
1.258925411794073438e+13 1.370627134193127761e+00 -3.152683972836526349e-01 -1.899279923610000198e+00 3.083690986135258494e-01 2.689626075830102406e-17 3.386038615086489623e-04 7.796642039400355486e-04 3.121403147550178697e-04 1.310729061922770691e+10 6.224481938077229309e+10 1.474178406160766741e+01
1.412537544622645703e+13 1.341837574071634620e+00 -2.940399984909314868e-01 -1.888173228701537143e+00 3.058342383946289766e-01 2.140264253379535786e-17 3.023203613312349714e-04 6.961183573098752827e-04 2.752457507237702833e-04 1.261608252067582130e+10 6.273602747932418060e+10 1.537304124360260893e+01
1.584893192460994141e+13 1.313370713210516350e+00 -2.725968960721208978e-01 -1.876812091197154642e+00 3.029976735486225037e-01 1.701515387869851597e-17 2.696720155102555580e-04 6.209427629115736287e-04 2.423192227182342177e-04 1.212422720241389465e+10 6.322788279758610535e+10 1.603998819243589935e+01
1.778279410038791797e+13 1.285228138289097544e+00 -2.509362421134963550e-01 -1.865338096154887548e+00 2.998451992731520077e-01 1.351162990675935328e-17 2.402745325925451905e-04 5.532525569737065845e-04 2.129643397211023262e-04 1.163223580529786491e+10 6.371987419470213318e+10 1.674548397479203032e+01
1.995262314968727734e+13 1.257410701880722348e+00 -2.290546080493591763e-01 -1.853819009838115983e+00 2.963627220937597451e-01 1.071570980542155403e-17 2.138065195289850509e-04 4.923077046523813543e-04 1.868253331804502443e-04 1.114070564502803993e+10 6.421140435497196198e+10 1.749261528676053246e+01
2.238721138568163672e+13 1.229919175565341360e+00 -2.069484563027821911e-01 -1.842133765290834724e+00 2.925364647553899689e-01 8.487554297093691607e-18 1.900126721964869861e-04 4.375203464795951219e-04 1.635796319021509259e-04 1.065026338035824585e+10 6.470184661964175415e+10 1.828480182896242212e+01
2.511886431509387109e+13 1.202755647124966965e+00 -1.846152967640940223e-01 -1.830139079012694125e+00 2.883533666821135322e-01 6.714341520532931102e-18 1.686566336194677586e-04 3.883462504067448982e-04 1.429329669799925175e-04 1.016152144902280235e+10 6.519058855097719574e+10 1.912592861044743131e+01
2.818382931264241797e+13 1.175921925021346182e+00 -1.620524569845314677e-01 -1.818001864463438588e+00 2.838011126135037698e-01 5.303652399298478663e-18 1.494772339554147392e-04 3.441840506477214057e-04 1.246197094536309277e-04 9.675140416352010727e+09 6.567696958364798737e+10 2.002032339667150751e+01
3.162277660168133594e+13 1.149418831733891366e+00 -1.392564509262211314e-01 -1.805796945060517578e+00 2.788682171370309160e-01 4.182359548753567541e-18 1.322578216781428347e-04 3.045348886279564517e-04 1.084017359717390585e-04 9.191873834199787140e+09 6.616023616580021667e+10 2.097271173504264752e+01
3.548133892335470312e+13 1.123246780097561626e+00 -1.162234023693756307e-01 -1.793498771606812481e+00 2.735443325950935867e-01 3.292301934847980520e-18 1.168152807883576517e-04 2.689771241771861084e-04 9.406393565161056227e-05 8.712526152798294067e+09 6.663958384720170593e+10 2.198833195095095761e+01
3.981071705534660156e+13 1.097407311415056430e+00 -9.295040810920458807e-02 -1.780871468003985214e+00 2.678208614363321582e-01 2.587248033585681065e-18 1.030001994170814364e-04 2.371667237531857185e-04 8.141033945335131403e-05 8.237890006802254677e+09 6.711421999319774628e+10 2.307314585628942538e+01
4.466835921509287500e+13 1.071902387536842527e+00 -6.943500210052522270e-02 -1.768032062653580594e+00 2.616912105214694861e-01 2.029236703069595207e-18 9.064267398516343281e-05 2.087124699073565192e-04 7.026335961183780010e-05 7.768774483982939720e+09 6.758333551601705933e+10 2.423392146574989070e+01
5.011872336272325000e+13 1.046732813107156490e+00 -4.567370649132782706e-02 -1.755105281829431041e+00 2.551507684276527188e-01 1.588084739370559387e-18 7.959277972907551567e-05 1.832691481141279603e-04 6.046381916130072877e-05 7.306073001139316559e+09 6.804603699886068726e+10 2.547816474253681562e+01
5.623413251903030469e+13 1.021898796273538190e+00 -2.166246170553338957e-02 -1.742152188283419445e+00 2.481973414862587990e-01 1.239850699510744074e-18 6.972192854009960563e-05 1.605406733112294752e-04 5.186857362566682880e-05 6.850745970316019058e+09 6.850136402968398285e+10 2.681422391092151969e+01
6.309573444801426562e+13 9.974011738223038659e-01 2.602208988609814623e-03 -1.728892908765686354e+00 2.408318820525385262e-01 9.656956801229576904e-19 6.093127819063266966e-05 1.402994528588240146e-04 4.434757047141552272e-05 6.403741907354518890e+09 6.894836809264547729e+10 2.825162214965164154e+01
7.079457843840823438e+13 9.732418577089846368e-01 2.712265861032355646e-02 -1.715328633315686080e+00 2.330591317284796404e-01 7.502436635417015212e-19 5.311318388652174367e-05 1.222976254585565270e-04 3.778264351348103968e-05 5.965984260876048088e+09 6.938612573912394714e+10 2.980134645961829065e+01
7.943282347242171875e+13 9.494217084233316228e-01 5.190220771308724779e-02 -1.701658795623610887e+00 2.248874291610753196e-01 5.811633083969872290e-19 4.616344248454647218e-05 1.062952545062047238e-04 3.206782151436203348e-05 5.538450735238441467e+09 6.981365926476156616e+10 3.147580509732524590e+01
8.912509381336710938e+13 9.259408056001707799e-01 7.694497121706578291e-02 -1.687989943554002892e+00 2.163291491797923183e-01 4.487416428681811458e-19 3.999414101859112227e-05 9.208991291650961875e-05 2.710819232879419253e-05 5.122179377361037254e+09 7.022993062263896179e+10 3.328892831278803044e+01
9.999999999999181250e+13 9.027992613802306998e-01 1.022550521823888808e-01 -1.674094231055381465e+00 2.074013835087737401e-01 3.453571699452168907e-19 3.453571699451885848e-05 7.952142712744025518e-05 2.281790882769546534e-05 4.718187756343736649e+09 7.063392224365626526e+10 3.525667777737636754e+01
1.122018454301873438e+14 8.799986413098693783e-01 1.278349154771342699e-01 -1.659798262454572848e+00 1.981269591016945331e-01 2.648853369634843889e-19 2.972062363469996565e-05 6.843426493574665623e-05 1.911901652611580746e-05 4.327422918113925934e+09 7.102468708188607788e+10 3.739769343013265512e+01
1.258925411794063125e+14 8.575399372323500025e-01 1.536875269946836042e-01 -1.645370286367872525e+00 1.885340831104268533e-01 2.023739638891682352e-19 2.547737258255679718e-05 5.866381831725049991e-05 1.594156444479089007e-05 3.950828218621557713e+09 7.140128178137844849e+10 3.973345711189773510e+01
1.412537544622634062e+14 8.354230877515285147e-01 1.798169905382876466e-01 -1.630922551206883675e+00 1.786563831209845576e-01 1.539539095171879078e-19 2.174656773344637708e-05 5.007332268681894278e-05 1.322313591968916468e-05 3.589368668842577457e+09 7.176274133115742493e+10 4.228845766888010616e+01
1.584893192460981250e+14 8.136476160922938572e-01 2.062279107731336825e-01 -1.616369095321728677e+00 1.685333464784147250e-01 1.165870371812496109e-19 1.847780015577578071e-05 4.254670719001236968e-05 1.090763517276839152e-05 3.243962581677035332e+09 7.210814741832296753e+10 4.509099292402624570e+01
1.778279410038777188e+14 7.922144324444934105e-01 2.329231757773697897e-01 -1.601365176112172106e+00 1.582113012290013720e-01 8.787918230710921109e-20 1.562737404677763274e-05 3.598335852275221457e-05 8.944383529949286065e-06 2.915411451296699524e+09 7.243669854870330811e+10 4.817442380337314489e+01
1.995262314968711562e+14 7.711246435652333586e-01 2.599052536794038692e-01 -1.586144212245966134e+00 1.477429137329657749e-01 6.589552785881988156e-20 1.314788634616741877e-05 3.027412710506505121e-05 7.287946389253862298e-06 2.604428225055793762e+09 7.274768177494421387e+10 5.157805293824103643e+01
2.238721138568145625e+14 7.503780290107020523e-01 2.871781607556723737e-01 -1.570877599994976226e+00 1.371862152282332936e-01 4.912743261041540910e-20 1.099826218685190260e-05 2.532443456028528510e-05 5.897982347620109989e-06 2.311680295296531200e+09 7.304042970470347595e+10 5.534760640512291729e+01
2.511886431509366562e+14 7.299737091194599126e-01 3.147467603931018987e-01 -1.555635171569637931e+00 1.266044787936695670e-01 3.639738156931166160e-20 9.142608890642306134e-06 2.105163494266780509e-05 4.738580610046287393e-06 2.037746137431602001e+09 7.331436386256840515e+10 5.953658348831916669e+01
2.818382931264218750e+14 7.099117082937002055e-01 3.426146711953549917e-01 -1.539957622931746428e+00 1.160664115509146971e-01 2.679268179186661411e-20 7.551203704499048628e-06 1.738728908414092442e-05 3.777607509376073390e-06 1.783037750058415174e+09 7.356907224994158936e+10 6.420877568385242284e+01
3.162277660168107500e+14 6.901930596460186251e-01 3.707839239381647833e-01 -1.523921678387743617e+00 1.056453660339923550e-01 1.958411820147354839e-20 6.193041948261141904e-06 1.426000607035290870e-05 2.986425130513730781e-06 1.547792406543821096e+09 7.380431759345617676e+10 6.944102501925912918e+01
3.548133892335441250e+14 6.708174586397774863e-01 3.992582227769906345e-01 -1.507821944126143343e+00 9.541693380149453285e-02 1.420333311882705148e-20 5.039532762304071100e-06 1.160395301413646062e-05 2.339826153401499046e-06 1.332126212532161474e+09 7.401998378746783447e+10 7.532494149066671696e+01
3.981071705534627500e+14 6.517837488870418250e-01 4.280424455574321496e-01 -1.491831202919678745e+00 8.545775597820773339e-02 1.021281825481365283e-20 4.065796178800616816e-06 9.361841672458455163e-06 1.815681286236628312e-06 1.136019857611050129e+09 7.421609014238894653e+10 8.196972174965962665e+01
4.466835921509251250e+14 6.330909826212205438e-01 4.571411347474855780e-01 -1.475514748585383007e+00 7.584439924052853443e-02 7.277645724188592909e-21 3.250804934482381634e-06 7.485254982370618103e-06 1.394503869865903259e-06 9.592559355339795351e+08 7.439285406446601868e+10 8.950763703110349923e+01
5.011872336272284375e+14 6.147398107502161091e-01 4.865561726466750003e-01 -1.458672034742432233e+00 6.665210280658141750e-02 5.136331922642403830e-21 2.574263987300369723e-06 5.927461882589245250e-06 1.059185948241908178e-06 8.013982153575636148e+08 7.455071178464244080e+10 9.810156367825054247e+01
5.623413251902985000e+14 5.967299530138060470e-01 5.162906079365143786e-01 -1.441743193259554356e+00 5.795129227134913213e-02 3.586297595241711030e-21 2.016723342235004496e-06 4.643677104523451179e-06 7.949074735640919747e-07 6.618457213555814028e+08 7.469026427864442444e+10 1.079512825844876147e+02
6.309573444801375000e+14 5.790599939275680175e-01 5.463491903217434498e-01 -1.424922392729909282e+00 4.980527618755190011e-02 2.474693841098727403e-21 1.561426254381004463e-06 3.595316817147230027e-06 5.889326255223257916e-07 5.398501441499428749e+08 7.481225985585005188e+10 1.193011954092388294e+02
7.079457843840765000e+14 5.617281229252188979e-01 5.767373131784485629e-01 -1.407977629636305128e+00 4.226841146972745017e-02 1.686200679350607434e-21 1.193738662571828513e-06 2.748684849368541528e-06 4.303325838594322015e-07 4.344898590693724155e+08 7.491762014093063354e+10 1.324540543224505029e+02
7.943282347242106250e+14 5.447342393767696800e-01 6.074572374221653970e-01 -1.390383450988043279e+00 3.538482582294128626e-02 1.133662179458275562e-21 9.004998777826932517e-07 2.073477594825389525e-06 3.097785227545844335e-07 3.446663178356554508e+08 7.500744368216433716e+10 1.477915368195844508e+02
8.912509381336638750e+14 5.280781441031409118e-01 6.385110060314813651e-01 -1.372605152139094287e+00 2.918557928088399631e-02 7.509403174633757245e-22 6.692762624216250105e-07 1.541065544946804856e-06 2.194149442602799551e-07 2.691538700782268047e+08 7.508295612992176819e+10 1.657974825726768984e+02
